0 50 0
1 50 0
2 50 0
3 50 0
4 50 0
5 50 0
6 50 0
7 50 0
8 50 0
9 50 0
10 50 0
11 50 0
0 51 0
1 51 0
2 51 0
3 51 0
4 51 0
5 51 0
6 51 0
7 51 0
8 51 0
9 51 0
10 51 0
11 51 0
8 60 2
8 59 2
8 61 2
7 60 2
7 59 2
7 61 2
9 60 2
9 59 2
9 61 2
10	141	1
10	99	0
3	9	1
2	29	1
9	155	0
10	70	2
5	127	2
0	4	1
9	157	0
11	121	0
9	150	0
2	177	0
7	69	0
9	59	2
4	70	1
2	43	2
0	146	1
11	10	0
7	67	2
6	33	0
6	69	0
3	2	0
0	55	1
11	4	2
8	13	2
3	129	3
6	126	3
2	165	0
3	100	2
0	80	1
1	82	2
4	154	1
2	1	0
4	25	1
10	9	1
1	107	1
9	140	0
9	36	2
3	57	2
4	110	1